228
559
737
93
484
436
297
942
831
700
525
680
710
254
536
178
479
914
481
66
243
814
363
308
907
445
1
684
611
820
882
903
264
939
229
171
677
400
836
998
522
99
444
54
364
686
151
380
248
555
153
491
150
705
695
490
863
576
517
737
428
704
842
32
985
816
562
104
357
887
120
684
834
304
229
971
423
860
925
159
137
569
59
609
749
667
826
359
802
39
391
60
565
235
395
238
970
239
598
384
906
712
952
784
925
440
238
205
263
877
218
987
90
291
792
299
400
821
557
304
983
258
345
580
68
145
596
171
634
953
714
194
256
719
964
266
297
292
438
444
842
791
288
720
478
785
158
987
594
567
231
192
722
193
557
397
63
623
622
355
939
254
304
273
242
356
206
503
330
57
47
747
238
888
895
85
699
518
499
168
187
191
722
630
159
259
356
284
250
855
770
206
17
798
279
431
648
528
911
78
538
376
900
475
687
791
812
416
593
558
145
653
786
336
659
233
717
76
838
366
242
860
945
646
561
563
147
508
252
180
280
66
115
272
847
815
173
558
396
895
704
801
431
168
78
127
31
35
384
398
201
66
388
668
768
891
896
667
222
245
706
402
903
408
384
116
852
667
76
921
970
112
801
92
557
572
780
77
166
824
601
993
468
409
104
682
191
843
240
777
248
773
778
442
236
938
384
918
476
70
819
706
74
905
691
924
631
317
892
648
310
856
907
850
123
66
270
689
874
942
290
604
5
861
633
714
857
50
675
755
250
79
305
472
966
3
843
766
918
955
518
690
349
1
374
111
660
774
687
699
506
529
54
461
885
830
568
142
923
448
426
562
550
552
104
519
687
582
460
899
321
845
756
475
71
87
654
399
228
276
20
213
714
374
26
412
354
552
253
651
459
229
339
842
634
296
958
225
250
143
218
855
2
97
390
560
292
20
138
753
472
9
988
663
721
148
50
75
622
572
941
590
207
804
637
544
702
838
395
483
447
268
915
420
103
712
163
816
990
68
667
570
196
708
879
994
495
510
870
519
613
292
405
864
926
10
652
771
367
392
777
595
12
681
960
508
475
629
656
764
368
558
258
480
489
120
344
439
705
667
842
655
740
436
160
886
133
914
833
444
30
657
67
545
518
764
62
718
372
206
257
724
693
872
892
466
773
529
817
79
587
483
193
385
999
919
397
288
747
411
354
972
893
96
312
14
11
229
363
183
877
52
552
585
623
959
854
953
235
23
656
14
273
591
590
39
536
671
437
17
481
493
575
371
691
289
334
72
762
13
603
868
194
656
840
220
339
288
393
486
713
481
700
279
911
492
194
299
872
992
942
249
317
475
793
69
107
204
726
295
388
820
411
860
302
764
50
717
146
702
734
960
654
482
578
209
549
899
549
758
420
322
228
462
40
158
511
746
852
301
812
465
245
389
95
217
187
817
230
428
964
488
242
454
429
102
331
379
667
565
771
521
688
638
235
603
22
398
279
185
203
506
82
366
924
982
832
70
947
945
253
301
234
921
893
477
804
138
172
435
387
828
36
586
718
217
212
511
121
348
792
330
806
297
871
362
189
992
873
732
461
253
294
882
302
881
169
607
226
556
515
181
761
108
653
435
859
842
204
445
453
969
399
212
402
753
594
204
695
576
563
31
598
294
5
69
855
234
385
144
549
89
11
397
159
676
71
561
470
612
695
467
370
991
147
965
81
352
280
885
797
551
169
260
176
617
138
549
946
940
805
535
39
219
368
689
663
286
412
551
524
621
632
103
131
710
434
85
292
313
897
661
174
703
987
654
604
781
888
538
492
112
521
534
824
789
321
240
670
643
683
572
370
121
392
915
182
619
918
556
602
889
599
304
5
696
221
177
490
696
788
546
75
225
825
146
464
454
432
572
164
652
113
577
633
312
55
529
26
269
815
299
666
28
225
370
633
756
498
993
521
476
157
939
54
94
971
255
169
224
149
626
140
273
541
2
773
527
866
202
130
476
196
984
12
800
712
24
223
385
64
40
847
913
665
212
169
521
549
264
67
98
3
572
919
294
694
990
210
219
316
169
936
495
132
730
805
753
818
528
442
866
751
887
119
22
31
468
74
351
430
136
839
912
681
317
952
698
257
385
346
169
626
438
899
757
858
104
375
745
78
951
473
667
992
323
19
992
505
322
995
245
301
648
808
389
578
121
689
477
714
372
610
502
893
131
631
703
188
198
550
774
797
128
374
360
290
493
163
224
864
503
366
644
49
393
285
643
787
768
600
140
654
160
992
976
104
541
219
241